10.47720860120397,22.469350999823536,35.78712496773948,49.55313926164027,63.34259088115053,77.12447038252103,90.89079212505634,104.65225793450652,118.4102298284584,132.18019946161618,145.95532419061593,159.72368035910088,173.48298408124398,187.23992248945945,200.99074195140622,214.75405925788215,228.5354879892359,242.34464316292193,256.166371597378,269.9866388653303,283.79759312926143,297.5883319139306,311.36770069851343,325.14472467727103,338.91344742201164,352.6614896539697,366.3961574641962,380.13098160012976,393.8752184715517,407.6200426061403,421.3683816610464,435.1250248683401
-0.008600166679495359,-0.010982250099426216,-0.0178767684396216,-0.028215368645940403,-0.03873959734805825,-0.04914113117376373,-0.05943698181799486,-0.06971266945534942,-0.07996497935321396,-0.09023734353193782,-0.10046814958536766,-0.11066631338599733,-0.12087636050957161,-0.1310510441232265,-0.1411504043293433,-0.15120365783378745,-0.1613311244598514,-0.17167047861222406,-0.18205154545559885,-0.19230305903347017,-0.20244081004531728,-0.2125175120301601,-0.2223769365651968,-0.23205795207943786,-0.24169788487183574,-0.2511557789262676,-0.26043738257394006,-0.269740136336821,-0.27924184712704975,-0.28879317518647063,-0.29833119591803103,-0.30801114567425325
0.20321981815391166,0.23791204606709002,0.2557450754526693,0.25215628242156607,0.24519801796151955,0.23885239094689031,0.23292756879419768,0.22767560720523808,0.22234806282758018,0.2155370749560653,0.20775067901807032,0.1996382391865288,0.19100311914442628,0.18160728155560107,0.17105760507995976,0.1571119986575875,0.13989533311596666,0.12138961678249932,0.10116487702085587,0.07866349567230811,0.05384202090518583,0.02745089014518171,-0.0005890115220137334,-0.029068133009416686,-0.05825391875961329,-0.08802590951002875,-0.11851836960056648,-0.14788214044498438,-0.17715162753194705,-0.20683080259270678,-0.23695237395032567,-0.26677821607736957
0.22340696323944997,0.25616390262408134,0.261595664626701,0.2511851851405279,0.2356105269706811,0.2119474784408711,0.18064578547095747,0.14275473039676967,0.10078426917736334,0.057540744224347476,0.012092731469171928,-0.035453240580782926,-0.08441238797958703,-0.13327027831376426,-0.18184852614981853,-0.21905243333481525,-0.2352466417047044,-0.23159726679276765,-0.22094488015903144,-0.20260602788652418,-0.17770967138481913,-0.14963213529602412,-0.11723196301894852,-0.07906097804189316,-0.03596738672407857,0.011975168434923225,0.06392426734840703,0.11755004360925234,0.17141368660456008,0.22571176242032528,0.27860234664162126,0.3272430975764666
0.3998755579584794,0.4381031574919064,0.3465853258050244,0.1917839598861415,0.05136174910360706,-0.06439726371574385,-0.1582873667936449,-0.23419617651942956,-0.2837189945026998,-0.2847713139695601,-0.25906032017421005,-0.2225369750837508,-0.17459475079576886,-0.11898803098170731,-0.04938824135203769,0.02388844918581037,0.068525586326469,0.08247518819118099,0.08811311494409566,0.100424459776128,0.11689686849016155,0.13382443490263662,0.14443417679697457,0.13786751170261202,0.11525176077442033,0.0850818540819728,0.04798353417972875,0.007375072284292213,-0.03288482006237275,-0.0754505295798618,-0.12387324825815801,-0.1603792988228193
-0.13897232559479428,-0.14805049125220265,-0.11522291929148835,-0.013327169824439055,0.07879398670769032,0.13820162022128082,0.16545631630422247,0.16560749760440216,0.14459447133559503,0.09758517865656541,0.034984240008180637,-0.03764672686539005,-0.11636384610128418,-0.19985775521016907,-0.2773206019658922,-0.30620562361380194,-0.25445085463804495,-0.15504112307353546,-0.0531514584810887,0.039277906342825054,0.12458853667855903,0.21043972974718939,0.27347055731972647,0.2885310107298635,0.25924962974470944,0.2049168486589497,0.12890909026113118,0.03888255599064751,-0.06190205851671486,-0.16782793419611494,-0.28366505387617647,-0.3656442316508506
11353.87526552574,0.0,0.0,0.0,0.0
0.0,188.98688837882855,0.0,0.0,0.0
0.0,0.0,76.40472103804699,0.0,0.0
0.0,0.0,0.0,11.161636338938957,0.0
0.0,0.0,0.0,0.0,37.425060970420695
0.0001